data (see results.png)
plotted avg trials till completion agains pop. size

init_max_depth=5,
crossover_rate=0.2
FUNCTIONS = {add, mul, div}
TERMINALS = {-2,-1,0,1,2, 'X'}


[9658.699999999983, 9382.499999999984, 9896.599999999999, 9363.0, 9310.799999999983, 9770.95, 9301.200000000015, 9240.749999999985, 9407.0, 9185.550000000003, 9567.600000000017, 9183.849999999993, 8750.699999999988, 8907.0, 8734.399999999992, 8624.099999999995, 9049.499999999985, 8537.650000000001, 8839.0, 8684.550000000001, 8929.8, 9126.399999999985, 8823.600000000011, 8756.25, 9015.500000000005, 8868.149999999989, 8867.599999999988, 8399.850000000011, 8529.0, 8838.099999999995, 8559.999999999993, 8546.999999999998, 8408.20000000001, 8881.25, 8868.6, 8693.149999999989, 8120.600000000008, 8618.999999999995, 8640.0, 8620.249999999989, 8370.599999999991, 9139.649999999987, 8423.800000000001, 8928.0, 8997.599999999991, 8812.499999999996, 8637.59999999999, 8746.5, 8775.0, 8698.049999999997, 9014.200000000003, 8874.850000000004, 9034.19999999999, 8560.75, 8839.599999999999, 8900.550000000001, 9181.400000000012, 8670.05000000001]

JUST REALIZED I SWAPPED CROSSOVER RATIO


init_max_depth=5,
crossover_rate=0.8
FUNCTIONS = {add, mul, div}
TERMINALS = {-2,-1,0,1,2, 'X'}

crossover ratio 0.5--0.98
[6113.7599999999975, 6692.800000000003, 6559.320000000005, 6220.920000000002, 6495.4000000000015, 6546.160000000003, 6074.280000000002, 6110.000000000003, 5980.280000000002, 5707.679999999999, 5903.200000000003, 5237.68, 5745.28, 5715.200000000001, 5160.599999999999, 5730.240000000001, 5570.440000000003, 5517.799999999999, 5737.760000000002, 5386.200000000002, 5290.3200000000015, 5730.239999999998, 5115.48, 5341.080000000001, 5427.56]

ratio

[5628.719999999999, 6756.720000000003, 6345.000000000002, 6173.920000000001, 6365.680000000006, 5899.4400000000005, 6164.520000000002, 5878.760000000003, 5876.879999999998, 5329.799999999999, 6087.440000000003, 5777.239999999999, 5869.359999999998, 5508.400000000001, 5290.32, 5497.1200000000035, 5553.520000000004, 5668.200000000001, 5529.079999999999, 5529.080000000001, 5352.360000000001, 5515.920000000002, 5376.8, 5391.84, 5455.760000000002, 5322.2800000000025]